L = [0 200 0];
CM_linear_v = [-20 0 0];
