% init the dice based on the value of `x` and `y`. Linear. 

L = [x y z] * [3.2612 3.1314 0.0606; 2.1595 4.5284 3.9535; 4.5669 3.1618 0.4877] + [0 100 0];
CM_linear_v = [x y z] * [2.7083 3.4373 4.4365; 2.4650 1.4853 0.6534; 1.3925 2.7344 4.7875];
